525	1
528	1
529	1
530	1
552	1
555	1
556	1
557	1
613	1
614	1
615	4
620	1
621	1
622	5
624	1
625	1
626	4
627	1
629	1
631	3
633	3
634	3
635	3
636	1
637	2
638	2
640	7
641	9
643	4
644	15
645	8
646	7
647	12
648	9
649	11
650	10
651	7
652	2
653	6
654	8
655	5
656	10
657	1
658	8
659	13
660	1
662	3
663	2
664	4
665	1
666	1
667	8
668	6
669	2
670	9
671	16
672	2
673	8
674	18
675	22
676	13
677	20
678	22
679	7
680	17
681	13
682	2
683	3
684	27
685	1
686	19
687	8
688	5
689	25
690	2
691	4
692	7
693	5
694	10
695	15
696	6
697	11
698	5
699	8
700	12
701	5
702	15
703	13
704	8
705	19
706	15
707	7
708	15
709	8
710	11
711	19
712	10
713	8
714	17
715	13
716	11
717	6
718	5
719	2
720	4
721	1
722	6
723	3
724	10
725	8
726	6
727	17
728	7
729	16
730	23
731	1
732	6
733	12
734	4
735	3
736	8
737	3
738	7
739	9
740	2
741	8
742	1
743	5
744	23
746	2
747	5
748	4
749	4
750	5
751	4
752	2
753	2
755	3
756	1
757	3
758	8
760	1
761	9
763	1
764	2
766	2
767	4
768	1
769	2
770	6
771	2
774	1
777	2
780	4
782	6
783	1
787	1
789	1
791	2
795	1
798	2
799	1
808	2
810	1
813	2
814	1
815	1
816	2
818	1
819	3
820	1
822	5
823	3
824	2
825	4
826	4
827	1
828	5
829	2
830	3
831	4
832	8
833	11
834	13
835	5
836	9
837	6
838	7
839	3
840	10
841	6
842	6
843	8
844	10
845	8
846	22
847	13
848	9
849	8
850	21
851	16
852	24
853	6
854	13
855	5
856	11
857	11
858	21
859	12
860	17
861	22
862	11
863	31
864	15
865	1
866	13
867	9
868	17
869	15
870	10
871	4
872	15
873	15
874	17
875	9
876	15
877	31
878	6
879	4
880	25
881	11
882	12
883	6
884	16
885	10
886	9
887	9
888	27
889	11
890	20
891	28
892	7
893	11
894	13
895	6
896	10
897	9
898	18
899	11
900	4
901	15
902	12
903	13
904	17
905	10
906	9
907	23
908	13
909	15
910	25
911	10
912	17
913	16
914	20
915	13
916	16
917	15
918	8
919	12
920	17
921	13
922	9
923	16
924	11
925	15
926	17
927	11
928	25
929	17
930	6
931	15
932	5
933	11
934	11
935	14
936	2
937	10
938	8
939	8
940	17
941	7
942	8
943	9
944	7
945	11
946	8
947	11
948	7
949	3
950	10
951	7
952	9
953	7
954	5
955	3
956	5
957	9
958	5
959	5
960	6
961	3
962	6
963	6
964	6
965	3
966	3
967	5
968	6
969	5
970	2
971	4
972	3
973	1
974	4
975	2
976	2
978	2
979	1
980	1
981	2
982	2
983	1
984	3
985	2
986	2
987	1
988	3
989	4
990	1
991	2
992	3
995	3
997	1
999	1
1000	2
1001	1
1003	2
1004	2
1006	1
1010	1
1011	2
1012	1
1013	1
1014	1
1015	1
1016	1
1017	1
1018	3
1019	2
1020	4
1022	3
1023	1
1024	6
1025	2
1026	4
1028	2
1029	1
1030	5
1031	1
1032	7
1033	2
1034	1
1035	2
1036	6
1038	23
1039	2
1040	6
1041	8
1042	7
1043	5
1044	9
1045	2
1046	8
1047	5
1048	3
1049	9
1050	15
1051	1
1052	9
1053	6
1054	8
1055	12
1056	24
1057	8
1058	7
1059	5
1060	16
1061	11
1062	20
1063	9
1064	10
1065	8
1066	13
1067	12
1068	19
1069	7
1070	8
1071	4
1072	14
1073	15
1074	5
1075	8
1076	2
1077	10
1078	3
1079	11
1080	1
1081	3
1082	4
1083	7
1084	4
1085	11
1086	10
1087	6
1088	3
1089	5
1090	5
1091	3
1092	7
1093	1
1094	8
1095	5
1096	3
1097	4
1098	5
1099	2
1100	5
1101	3
1102	1
1103	4
1104	1
1105	7
1106	2
1108	2
1112	1
1113	2
1114	1
1115	2
1116	2
1117	1
1119	4
1120	3
1121	6
1123	1
1124	4
1126	1
1127	5
1129	2
1130	4
1132	2
1133	6
1135	3
1136	8
1137	1
1138	10
1139	7
1140	3
1141	1
1142	4
1143	4
1144	11
1145	5
1146	7
1147	2
1148	5
1149	3
1150	13
1151	6
1152	5
1153	1
1154	9
1155	7
1156	10
1157	8
1158	5
1159	3
1160	10
1161	8
1162	12
1163	4
1164	3
1166	3
1167	2
1168	9
1169	3
1170	1
1171	7
1172	7
1173	6
1174	4
1175	8
1176	4
1177	2
1178	2
1180	1
1181	1
1183	2
1184	3
1185	2
1186	7
1187	2
1188	2
1189	3
1190	1
1192	2
1193	1
1195	1
1197	1
1198	1
1199	2
1200	2
1201	1
1203	1
1205	1
1208	1
1214	1
1215	1
1216	1
1219	1
1220	1
1221	1
1222	2
1223	2
1225	1
1226	1
1236	2
1246	1
1252	1
1282	1
1299	1
1311	1
1313	1
1315	1
1316	1
1318	5
1319	2
1369	1
1371	1
1375	2
1391	1
1405	1
1413	1
1417	1
1437	1
1453	1
1454	1
1455	2
1462	1
1465	1
1472	2
1485	1
1492	2
1495	1
1498	1
1499	1
1501	1
1502	2
1507	1
1509	1
1519	1
1569	1
